642755.6989, 3283463.3918
642755.6999, 3283463.3902
642755.7034, 3283463.3876
642755.7032, 3283463.3891
642755.7132, 3283463.3805
642755.734, 3283463.3391
642755.7876, 3283463.3095
642755.8614, 3283463.2473
642755.9503, 3283463.1792
642756.0395, 3283463.0916
642756.1433, 3283462.9888
642756.24, 3283462.9035
642756.3388, 3283462.796
642756.458, 3283462.6893
642756.5851, 3283462.5916
642756.7031, 3283462.4841
642756.8202, 3283462.3589
642756.9354, 3283462.2638
642757.0662, 3283462.1582
642757.1719, 3283462.0533
642757.2793, 3283461.933
642757.3996, 3283461.8247
642757.5369, 3283461.719
642757.6447, 3283461.5964
642757.7586, 3283461.475
642757.8716, 3283461.3594
642757.9938, 3283461.2466
642758.1258, 3283461.1262
642758.2664, 3283461.0242
642758.3937, 3283460.8977
642758.5004, 3283460.7631
642758.659, 3283460.6472
642758.7545, 3283460.5256
642758.886, 3283460.4016
642758.9979, 3283460.275
642759.123, 3283460.1561
642759.2307, 3283460.0508
642759.3408, 3283459.9447
642759.4459, 3283459.8634
642759.535, 3283459.7514
642759.6388, 3283459.6595
642759.7164, 3283459.5789
642759.8017, 3283459.4839
642759.8862, 3283459.4015
642759.9541, 3283459.318
642760.0308, 3283459.2777
642760.0757, 3283459.1653
642760.1235, 3283459.0767
642760.1942, 3283459.0255
642760.2809, 3283458.9793
642760.3657, 3283458.9216
642760.4602, 3283458.8542
642760.5509, 3283458.7754
642760.6521, 3283458.6854
642760.7673, 3283458.5892
642760.8656, 3283458.4905
642760.975, 3283458.3819
642761.0832, 3283458.2635
642761.1792, 3283458.1791
642761.2908, 3283458.0874
642761.4005, 3283457.9816
642761.5253, 3283457.8923
642761.6199, 3283457.7695
642761.734, 3283457.6687
642761.8425, 3283457.5543
642761.9603, 3283457.4504
642762.0671, 3283457.3502
642762.1875, 3283457.2545
642762.2905, 3283457.1423
642762.4244, 3283457.0275
642762.5222, 3283456.9263
642762.6382, 3283456.8253
642762.7493, 3283456.7062
642762.8715, 3283456.6077
642762.9983, 3283456.513
642763.0987, 3283456.4327
642763.2291, 3283456.2993
642763.3083, 3283456.1892
642763.4314, 3283456.0923
642763.5519, 3283455.9994
642763.6698, 3283455.8969
642763.7764, 3283455.7748
642763.8745, 3283455.6732
642763.9855, 3283455.5662
642764.0963, 3283455.4734
642764.1905, 3283455.3638
642764.3159, 3283455.2694
642764.407, 3283455.1599
642764.5149, 3283455.0616
642764.6139, 3283454.9634
642764.7199, 3283454.8437
642764.801, 3283454.7373
642764.9121, 3283454.6385
642765.0156, 3283454.533
642765.125, 3283454.4458
642765.2342, 3283454.3349
642765.3486, 3283454.223
642765.4387, 3283454.101
642765.5703, 3283454.0039
642765.6536, 3283453.9012
642765.7741, 3283453.8192
642765.853, 3283453.6979
642765.9616, 3283453.6003
642766.0639, 3283453.5096
642766.1487, 3283453.4155
642766.277, 3283453.3177
642766.3931, 3283453.2403
642766.4988, 3283453.1405
642766.6156, 3283453.0231
642766.7174, 3283452.9508
642766.8076, 3283452.8214
642766.9645, 3283452.7523
642767.0499, 3283452.642
642767.1572, 3283452.5017
642767.2842, 3283452.3944
642767.4095, 3283452.2948
642767.5421, 3283452.1891
642767.608, 3283452.0891
642767.759, 3283451.978
642767.8609, 3283451.8531
642767.9971, 3283451.779
642768.0928, 3283451.6403
642768.2515, 3283451.5029
642768.3356, 3283451.4343
642768.5068, 3283451.342
642768.5829, 3283451.1761
642768.7185, 3283451.1077
642768.8304, 3283451.0045
642768.9496, 3283450.8962
642769.0591, 3283450.7647
642769.1689, 3283450.669
642769.3101, 3283450.5939
642769.413, 3283450.4676
642769.5369, 3283450.3444
642769.6329, 3283450.2399
642769.7539, 3283450.159
642769.8629, 3283450.0305
642769.9934, 3283449.9412
642770.1109, 3283449.8181
642770.2229, 3283449.7242
642770.346, 3283449.6301
642770.4562, 3283449.5109
642770.5802, 3283449.3811
642770.7138, 3283449.293
642770.8253, 3283449.2082
642770.9621, 3283449.0822
642771.0606, 3283448.9873
642771.1651, 3283448.8524
642771.2944, 3283448.7345
642771.4136, 3283448.6198
642771.5161, 3283448.5237
642771.6091, 3283448.3765
642771.7469, 3283448.2916
642771.854, 3283448.2035
642771.9842, 3283448.1113
642772.0721, 3283447.9673
642772.1814, 3283447.9121
642772.2758, 3283447.7938
642772.3631, 3283447.7216
642772.4694, 3283447.6328
642772.5621, 3283447.5212
642772.6742, 3283447.4196
642772.7616, 3283447.3408
642772.837, 3283447.2502
642772.9343, 3283447.1488
642773.0411, 3283447.0951
642773.1385, 3283447.0072
642773.2138, 3283446.9107
642773.3022, 3283446.8098
642773.4091, 3283446.7275
642773.5179, 3283446.7163
642773.5722, 3283446.5379
642773.6959, 3283446.4872
642773.7891, 3283446.4144
642773.8429, 3283446.2911
642773.9489, 3283446.2365
642774.0323, 3283446.1066
642774.1313, 3283446.0028
642774.2377, 3283445.935
642774.3354, 3283445.8521
642774.4281, 3283445.7747
642774.4959, 3283445.6831
642774.5777, 3283445.5847
642774.6718, 3283445.5625
642774.7356, 3283445.464
642774.8161, 3283445.3875
642774.863, 3283445.3049
642774.9591, 3283445.2265
642775.016, 3283445.1614
642775.0828, 3283445.0971
642775.1623, 3283445.0464
642775.2187, 3283444.9943
642775.2529, 3283444.9276
642775.2839, 3283444.8755
642775.3323, 3283444.8341
642775.364, 3283444.8098
642775.4019, 3283444.7723
642775.4424, 3283444.7374
642775.4907, 3283444.6876
642775.5165, 3283444.6559
642775.5523, 3283444.624
642775.5816, 3283444.5751
642775.6235, 3283444.5534
642775.6673, 3283444.5119
642775.7024, 3283444.4718
642775.7364, 3283444.4372
642775.7635, 3283444.4077
642775.8031, 3283444.3731
642775.8307, 3283444.3423
642775.8565, 3283444.3204
642775.8855, 3283444.2889
642775.8976, 3283444.2719
642775.9011, 3283444.268
642775.9133, 3283444.2513
642775.9123, 3283444.2542
642775.9128, 3283444.2532
642775.9129, 3283444.2548
642775.9137, 3283444.2551
642775.9128, 3283444.2511
642775.9129, 3283444.2514
642775.9123, 3283444.2507
642775.9134, 3283444.2519
642775.9129, 3283444.2511
642775.913, 3283444.2519
642775.9138, 3283444.2529
642775.9136, 3283444.2553
642736.7333, 3283481.2223
642736.7365, 3283481.2191
642736.7492, 3283481.2174
642736.7687, 3283481.2039
642736.7975, 3283481.177
642736.8429, 3283481.1292
642736.8907, 3283481.0654
642736.9841, 3283480.9816
642737.0511, 3283480.9164
642737.1249, 3283480.8236
642737.2409, 3283480.72
642737.325, 3283480.6424
642737.4335, 3283480.5559
642737.4998, 3283480.4285
642737.6079, 3283480.3547
642737.7048, 3283480.2314
642737.7876, 3283480.1554
642737.8774, 3283480.0996
642737.9106, 3283479.9896
642738.0191, 3283479.9401
642738.1084, 3283479.8443
642738.2299, 3283479.7808
642738.3298, 3283479.6879
642738.4266, 3283479.6073
642738.5544, 3283479.5441
642738.6452, 3283479.4518
642738.7431, 3283479.3581
642738.875, 3283479.2605
642738.9639, 3283479.1195
642739.0544, 3283479.0097
642739.1941, 3283478.9379
642739.2883, 3283478.8198
642739.406, 3283478.6766
642739.53, 3283478.556
642739.6351, 3283478.4389
642739.7619, 3283478.3197
642739.8569, 3283478.1923
642739.9642, 3283478.0866
642740.0804, 3283478.0169
642740.198, 3283477.9065
642740.2954, 3283477.7892
642740.4228, 3283477.6724
642740.5357, 3283477.5643
642740.6574, 3283477.4755
642740.7721, 3283477.3837
642740.8672, 3283477.2747
642740.9606, 3283477.1843
642741.0616, 3283477.1011
642741.1553, 3283477.0234
642741.2358, 3283476.9552
642741.3262, 3283476.8732
642741.3856, 3283476.8043
642741.4446, 3283476.7379
642741.4987, 3283476.6959
642741.5419, 3283476.6588
642741.5624, 3283476.6427
642741.5835, 3283476.6175
642741.5851, 3283476.6118
642741.5854, 3283476.6131
642741.5877, 3283476.6128
642741.5874, 3283476.6135
642767.149, 3283458.5604
642767.1421, 3283458.5642
642767.1374, 3283458.5749
642767.1244, 3283458.5909
642767.089, 3283458.631
642767.0405, 3283458.6782
642766.9615, 3283458.7403
642766.8749, 3283458.8199
642766.7791, 3283458.9035
642766.6741, 3283459.0092
642766.5643, 3283459.113
642766.4235, 3283459.2416
642766.2644, 3283459.3543
642766.1274, 3283459.478
642765.9702, 3283459.6295
642765.819, 3283459.7526
642765.6758, 3283459.9112
642765.5169, 3283460.06
642765.3388, 3283460.1857
642765.1774, 3283460.3376
642765.0258, 3283460.4844
642764.8578, 3283460.632
642764.6824, 3283460.7741
642764.5407, 3283460.9303
642764.3592, 3283461.0866
642764.1822, 3283461.21
642764.0408, 3283461.381
642763.8548, 3283461.537
642763.6814, 3283461.6708
642763.5218, 3283461.8276
642763.3664, 3283462.0071
642763.1845, 3283462.166
642763.0096, 3283462.3329
642762.8348, 3283462.4741
642762.6822, 3283462.6589
642762.5101, 3283462.8218
642762.3218, 3283462.9697
642762.149, 3283463.1554
642762.0029, 3283463.3227
642761.8224, 3283463.4913
642761.6284, 3283463.6445
642761.4601, 3283463.7979
642761.2869, 3283463.981
642761.1064, 3283464.1288
642760.9213, 3283464.2793
642760.7413, 3283464.4466
642760.5902, 3283464.6202
642760.405, 3283464.7936
642760.2148, 3283464.9487
642760.0318, 3283465.1213
642759.8822, 3283465.3002
642759.6824, 3283465.476
642759.5098, 3283465.6244
642759.3295, 3283465.7918
642759.141, 3283465.9615
642758.9992, 3283466.1229
642758.8044, 3283466.3113
642758.6159, 3283466.456
642758.4291, 3283466.6263
642758.2716, 3283466.8025
642758.0952, 3283466.9728
642757.9057, 3283467.1229
642757.721, 3283467.2818
642757.5464, 3283467.4704
642757.3719, 3283467.6283
642757.1633, 3283467.7738
642756.9649, 3283467.9465
642756.7913, 3283468.0954
642756.5988, 3283468.2842
642756.4266, 3283468.468
642756.2284, 3283468.6371
642756.0461, 3283468.8059
642755.8821, 3283468.9821
642755.7162, 3283469.1518
642755.5315, 3283469.3266
642755.3508, 3283469.4872
642755.1708, 3283469.6515
642755.0179, 3283469.8208
642754.8331, 3283469.986
642754.6542, 3283470.1336
642754.5053, 3283470.2986
642754.3371, 3283470.4595
642754.1711, 3283470.5922
642754.0363, 3283470.731
642753.8832, 3283470.8942
642753.723, 3283471.0213
642753.5789, 3283471.1737
642753.4241, 3283471.3107
642753.2476, 3283471.4357
642753.1147, 3283471.5855
642752.9591, 3283471.7159
642752.7854, 3283471.8912
642752.6558, 3283472.0199
642752.4964, 3283472.1672
642752.3366, 3283472.3091
642752.1829, 3283472.452
642752.0398, 3283472.5973
642751.8876, 3283472.7247
642751.7345, 3283472.8685
642751.569, 3283472.9982
642751.4189, 3283473.1386
642751.2704, 3283473.2769
642751.1201, 3283473.4161
642750.9431, 3283473.5537
642750.8207, 3283473.7091
642750.6477, 3283473.8584
642750.4769, 3283473.9985
642750.3371, 3283474.1616
642750.1621, 3283474.3249
642750.012, 3283474.4662
642749.8618, 3283474.628
642749.7058, 3283474.7785
642749.5357, 3283474.9287
642749.3706, 3283475.0777
642749.2212, 3283475.236
642749.0484, 3283475.3791
642748.9071, 3283475.5268
642748.7546, 3283475.677
642748.5847, 3283475.8364
642748.4428, 3283475.975
642748.3028, 3283476.1412
642748.1455, 3283476.2895
642748.0042, 3283476.4229
642747.8544, 3283476.5745
642747.6889, 3283476.7143
642747.5517, 3283476.8483
642747.3974, 3283476.968
642747.2487, 3283477.0946
642747.1088, 3283477.2318
642746.9643, 3283477.3522
642746.8324, 3283477.4788
642746.6893, 3283477.6023
642746.5547, 3283477.7336
642746.4234, 3283477.8645
642746.2703, 3283477.9964
642746.1361, 3283478.1247
642745.9783, 3283478.2764
642745.8354, 3283478.4101
642745.6968, 3283478.5614
642745.5417, 3283478.69
642745.3695, 3283478.8285
642745.2208, 3283478.974
642745.0755, 3283479.1186
642744.9156, 3283479.2643
642744.77, 3283479.4046
642744.6096, 3283479.5362
642744.4573, 3283479.6799
642744.3148, 3283479.8165
642744.1489, 3283479.9657
642743.9932, 3283480.1096
642743.8545, 3283480.262
642743.7012, 3283480.3939
642743.5556, 3283480.5313
642743.4061, 3283480.6621
642743.2673, 3283480.7999
642743.109, 3283480.9357
642742.9785, 3283481.0419
642742.8293, 3283481.1691
642742.6901, 3283481.2973
642742.556, 3283481.4237
642742.4283, 3283481.5338
642742.2851, 3283481.6536
642742.1746, 3283481.7738
642742.0589, 3283481.8749
642741.9602, 3283481.991
642741.8508, 3283482.089
642741.7668, 3283482.1792
642741.683, 3283482.2553
642741.6084, 3283482.3198
642741.5541, 3283482.3815
642741.5046, 3283482.4215
642741.47, 3283482.447
642741.4551, 3283482.4601
642741.4437, 3283482.4718
642741.4398, 3283482.4903
642741.4331, 3283482.4997
642741.4396, 3283482.4887
642741.4468, 3283482.4915
642741.4534, 3283482.4727
642741.4683, 3283482.4514
642741.4881, 3283482.4322
642741.5119, 3283482.4187
642741.5246, 3283482.4071
642741.53, 3283482.4017
642741.532, 3283482.4036
642741.5337, 3283482.4026
642741.5318, 3283482.4026
642741.5389, 3283482.4005
642741.5362, 3283482.4009
642741.5376, 3283482.3995
642741.5385, 3283482.3974
642741.5401, 3283482.3995
642741.537, 3283482.4078
642741.505, 3283482.4279
642741.4801, 3283482.4586
642741.4185, 3283482.515
642741.3335, 3283482.5874
642741.2448, 3283482.6782
642741.1499, 3283482.7606
642741.0305, 3283482.8908
642740.9042, 3283483.0187
642740.7821, 3283483.1373
642740.6593, 3283483.2627
642740.5435, 3283483.3887
642740.4069, 3283483.5232
642740.2841, 3283483.6472
642740.1711, 3283483.7474
642740.0518, 3283483.8663
642739.9252, 3283483.9977
642739.8003, 3283484.1185
642739.6712, 3283484.2434
642739.5371, 3283484.3678
642739.4039, 3283484.4961
642739.2712, 3283484.6363
642739.1402, 3283484.7874
642739.0199, 3283484.8948
642738.8775, 3283485.0179
642738.7737, 3283485.1226
642738.6537, 3283485.2516
642738.5555, 3283485.3447
642738.4558, 3283485.445
642738.3647, 3283485.5276
642738.2813, 3283485.5972
642738.2332, 3283485.6554
642738.2116, 3283485.6862
642738.2023, 3283485.6961
642738.2016, 3283485.6979
642738.2007, 3283485.6981
642738.2018, 3283485.6982
642764.0861, 3283455.5291
642764.0859, 3283455.53
642764.0856, 3283455.5294
642764.0852, 3283455.5283
642764.0864, 3283455.5285
642764.0739, 3283455.5192
642764.1209, 3283455.5465
642764.1537, 3283455.5841
642764.1812, 3283455.6232
642764.2525, 3283455.6989
642764.3084, 3283455.7556
642764.3885, 3283455.8363
642764.4529, 3283455.9178
642764.554, 3283455.993
642764.6519, 3283456.0953
642764.7621, 3283456.1983
642764.8472, 3283456.3135
642764.9484, 3283456.4371
642765.0616, 3283456.5207
642765.1734, 3283456.6168
642765.2807, 3283456.7204
642765.3884, 3283456.8306
642765.4883, 3283456.9232
642765.5836, 3283457.031
642765.6958, 3283457.1373
642765.7775, 3283457.2654
642765.9018, 3283457.3606
642765.9837, 3283457.4588
642766.0923, 3283457.573
642766.1866, 3283457.6928
642766.2711, 3283457.8201
642766.3759, 3283457.8979
642766.4681, 3283458.0225
642766.5736, 3283458.1097
642766.6607, 3283458.2115
642766.7391, 3283458.3159
642766.8278, 3283458.4072
642766.8896, 3283458.503
642766.9539, 3283458.5618
642766.9823, 3283458.6001
642767.025, 3283458.6311
642767.0257, 3283458.6314
642767.026, 3283458.6319
642767.0261, 3283458.6319
642766.386, 3283465.2592
642766.3843, 3283465.2632
642766.3908, 3283465.261
642766.3902, 3283465.2589
642766.3981, 3283465.2706
642766.4298, 3283465.2457
642766.4175, 3283465.2023
642766.4153, 3283465.1814
642766.45, 3283465.2175
642766.4846, 3283465.1627
642766.5705, 3283465.137
642766.6121, 3283465.0962
642766.6566, 3283464.998
642766.7069, 3283464.9074
642766.7664, 3283464.847
642766.8511, 3283464.7716
642766.9099, 3283464.6624
642767.0162, 3283464.5923
642767.1165, 3283464.4907
642767.2083, 3283464.4018
642767.3287, 3283464.3017
642767.4437, 3283464.1887
642767.5557, 3283464.0535
642767.6609, 3283463.9668
642767.8086, 3283463.8459
642767.9221, 3283463.7057
642768.0368, 3283463.5879
642768.1492, 3283463.5148
642768.2645, 3283463.3143
642768.3976, 3283463.2462
642768.5098, 3283463.1537
642768.6625, 3283463.0449
642768.7799, 3283462.9272
642768.8752, 3283462.7734
642769.0167, 3283462.6719
642769.1523, 3283462.561
642769.2448, 3283462.4507
642769.3762, 3283462.3521
642769.5002, 3283462.2316
642769.6174, 3283462.1207
642769.7091, 3283462.0093
642769.8404, 3283461.9151
642769.9609, 3283461.7969
642770.1086, 3283461.7041
642770.2074, 3283461.6034
642770.321, 3283461.4938
642770.4378, 3283461.3653
642770.5319, 3283461.2652
642770.6513, 3283461.1768
642770.7957, 3283461.0625
642770.8747, 3283460.9713
642770.9979, 3283460.8631
642771.0919, 3283460.7758
642771.1629, 3283460.6901
642771.2501, 3283460.621
642771.3068, 3283460.5613
642771.3527, 3283460.484
642771.3965, 3283460.4434
642771.4264, 3283460.4157
642771.4452, 3283460.3772
642771.4558, 3283460.371
642771.4566, 3283460.3696
642771.4579, 3283460.3674
642753.1929, 3283477.3862
642753.1904, 3283477.3844
642753.1974, 3283477.3834
642753.211, 3283477.3569
642753.2469, 3283477.338
642753.2966, 3283477.2827
642753.3878, 3283477.229
642753.4894, 3283477.1276
642753.5627, 3283477.0302
642753.7225, 3283476.9294
642753.8161, 3283476.7658
642753.9464, 3283476.6454
642754.0928, 3283476.5062
642754.2628, 3283476.3909
642754.4155, 3283476.2983
642754.5571, 3283476.1258
642754.6956, 3283476.0003
642754.8432, 3283475.8565
642754.9957, 3283475.7421
642755.1353, 3283475.6261
642755.2962, 3283475.4748
642755.4311, 3283475.3657
642755.5598, 3283475.2393
642755.699, 3283475.1234
642755.8139, 3283474.97
642755.9499, 3283474.8168
642756.0941, 3283474.7127
642756.2517, 3283474.5611
642756.3892, 3283474.4455
642756.5422, 3283474.3175
642756.6983, 3283474.2069
642756.8509, 3283474.0639
642756.9585, 3283473.8948
642757.1565, 3283473.7826
642757.3148, 3283473.6682
642757.4617, 3283473.5249
642757.607, 3283473.4008
642757.7485, 3283473.2741
642757.9028, 3283473.1327
642758.046, 3283472.9699
642758.1916, 3283472.8345
642758.3457, 3283472.7155
642758.4709, 3283472.5823
642758.5957, 3283472.4117
642758.7276, 3283472.3207
642758.8592, 3283472.1439
642759.0015, 3283472.0093
642759.1098, 3283471.873
642759.2678, 3283471.766
642759.3844, 3283471.628
642759.5258, 3283471.5309
642759.6301, 3283471.393
642759.787, 3283471.2693
642759.9078, 3283471.1675
642760.0149, 3283471.0455
642760.1411, 3283470.9138
642760.2986, 3283470.7943
642760.4402, 3283470.7081
642760.5447, 3283470.5799
642760.6243, 3283470.4535
642760.7978, 3283470.3433
642760.9045, 3283470.2188
642761.007, 3283470.123
642761.1314, 3283470.0311
642761.2296, 3283469.9347
642761.35, 3283469.8682
642761.4293, 3283469.7601
642761.5025, 3283469.6686
642761.5863, 3283469.6089
642761.6513, 3283469.5382
642761.6831, 3283469.5013
642761.7162, 3283469.4726
642761.7312, 3283469.4639
642761.7351, 3283469.4618
642761.7359, 3283469.458
642761.7345, 3283469.44
642755.6989, 3283463.3918
642755.5471634408, 3283463.533968817
642755.3954268817, 3283463.676137634
642755.2436903225, 3283463.8183064517
642755.0919537634, 3283463.960475269
642754.9402172043, 3283464.102644086
642754.7884806452, 3283464.244812903
642754.6367440859, 3283464.38698172
642754.4850075268, 3283464.5291505377
642754.3332709677, 3283464.671319355
642754.1815344086, 3283464.813488172
642754.0297978495, 3283464.955656989
642753.8780612902, 3283465.097825806
642753.7263247311, 3283465.2399946237
642753.574588172, 3283465.382163441
642753.4228516129, 3283465.524332258
642753.2711150537, 3283465.666501075
642753.1193784946, 3283465.808669892
642752.9676419355, 3283465.9508387097
642752.8159053763, 3283466.093007527
642752.6641688171, 3283466.235176344
642752.512432258, 3283466.377345161
642752.3606956989, 3283466.519513978
642752.2089591398, 3283466.6616827957
642752.0572225807, 3283466.803851613
642751.9054860214, 3283466.94602043
642751.7537494623, 3283467.088189247
642751.6020129032, 3283467.2303580646
642751.4502763441, 3283467.3725268818
642751.2985397849, 3283467.514695699
642751.1468032257, 3283467.656864516
642750.9950666666, 3283467.799033333
642750.8433301075, 3283467.9412021507
642750.6915935484, 3283468.083370968
642750.5398569892, 3283468.225539785
642750.38812043, 3283468.367708602
642750.236383871, 3283468.509877419
642750.0846473118, 3283468.6520462367
642749.9329107526, 3283468.794215054
642749.7811741935, 3283468.936383871
642749.6294376344, 3283469.078552688
642749.4777010753, 3283469.220721505
642749.3259645161, 3283469.3628903227
642749.1742279569, 3283469.50505914
642749.0224913978, 3283469.647227957
642748.8707548387, 3283469.789396774
642748.7190182796, 3283469.931565591
642748.5672817203, 3283470.0737344087
642748.4155451612, 3283470.215903226
642748.2638086021, 3283470.358072043
642748.112072043, 3283470.50024086
642747.9603354838, 3283470.642409677
642747.8085989247, 3283470.7845784947
642747.6568623655, 3283470.926747312
642747.5051258064, 3283471.068916129
642747.3533892473, 3283471.211084946
642747.2016526881, 3283471.353253763
642747.049916129, 3283471.4954225807
642746.8981795699, 3283471.637591398
642746.7464430108, 3283471.779760215
642746.5947064515, 3283471.921929032
642746.4429698924, 3283472.064097849
642746.2912333333, 3283472.2062666668
642746.1394967742, 3283472.348435484
642745.9877602151, 3283472.490604301
642745.8360236558, 3283472.632773118
642745.6842870967, 3283472.774941935
642745.5325505376, 3283472.917110753
642745.3808139785, 3283473.05927957
642745.2290774193, 3283473.201448387
642745.0773408602, 3283473.343617204
642744.925604301, 3283473.4857860217
642744.7738677419, 3283473.627954839
642744.6221311828, 3283473.770123656
642744.4703946236, 3283473.912292473
642744.3186580645, 3283474.05446129
642744.1669215054, 3283474.1966301077
642744.0151849462, 3283474.338798925
642743.863448387, 3283474.480967742
642743.7117118279, 3283474.623136559
642743.5599752688, 3283474.765305376
642743.4082387097, 3283474.9074741937
642743.2565021504, 3283475.049643011
642743.1047655913, 3283475.191811828
642742.9530290322, 3283475.333980645
642742.8012924731, 3283475.476149462
642742.649555914, 3283475.6183182797
642742.4978193548, 3283475.760487097
642742.3460827956, 3283475.902655914
642742.1943462365, 3283476.044824731
642742.0426096774, 3283476.186993548
642741.8908731182, 3283476.3291623658
642741.7391365591, 3283476.471331183
642766.386, 3283465.2592
642766.240640625, 3283465.3898500004
642766.0952812501, 3283465.5205
642765.949921875, 3283465.6511500003
642765.8045625001, 3283465.7818
642765.659203125, 3283465.91245
642765.51384375, 3283466.0431000004
642765.3684843751, 3283466.17375
642765.223125, 3283466.3044000003
642765.0777656251, 3283466.43505
642764.93240625, 3283466.5657
642764.787046875, 3283466.6963500003
642764.6416875, 3283466.827
642764.496328125, 3283466.95765
642764.3509687501, 3283467.0883
642764.205609375, 3283467.21895
642764.0602500001, 3283467.3496000003
642763.914890625, 3283467.48025
642763.76953125, 3283467.6109
642763.6241718751, 3283467.74155
642763.4788125, 3283467.8722
642763.3334531251, 3283468.00285
642763.18809375, 3283468.1335
642763.042734375, 3283468.26415
642762.8973750001, 3283468.3948
642762.752015625, 3283468.52545
642762.6066562501, 3283468.6561
642762.461296875, 3283468.78675
642762.3159375, 3283468.9174
642762.170578125, 3283469.04805
642762.02521875, 3283469.1787
642761.8798593751, 3283469.3093499998
642753.1929, 3283477.3862
642753.079012, 3283477.4921493335
642752.965124, 3283477.598098667
642752.8512360001, 3283477.7040480003
642752.737348, 3283477.809997333
642752.62346, 3283477.9159466666
642752.509572, 3283478.021896
642752.395684, 3283478.1278453334
642752.281796, 3283478.233794667
642752.1679080001, 3283478.339744
642752.05402, 3283478.4456933336
642751.940132, 3283478.5516426666
642751.826244, 3283478.657592
642751.712356, 3283478.7635413334
642751.5984680001, 3283478.869490667
642751.48458, 3283478.97544
642751.370692, 3283479.0813893336
642751.256804, 3283479.187338667
642751.142916, 3283479.293288
642751.0290280001, 3283479.3992373333
642750.91514, 3283479.5051866667
642750.801252, 3283479.611136
642750.687364, 3283479.7170853335
642750.573476, 3283479.823034667
642750.459588, 3283479.928984
642750.3457000001, 3283480.0349333333
642750.231812, 3283480.1408826667
642750.117924, 3283480.246832
642750.004036, 3283480.3527813335
642749.890148, 3283480.458730667
642749.7762600001, 3283480.5646800003
642749.662372, 3283480.6706293332
642749.548484, 3283480.7765786666
642749.434596, 3283480.882528
642749.320708, 3283480.9884773334
642749.2068200001, 3283481.094426667
642749.092932, 3283481.2003760003
642748.979044, 3283481.3063253337
642748.865156, 3283481.4122746666
642748.751268, 3283481.518224
642748.63738, 3283481.6241733334
642748.5234920001, 3283481.730122667
642748.409604, 3283481.836072
642748.295716, 3283481.9420213336
642748.181828, 3283482.047970667
642748.06794, 3283482.15392
642747.9540520001, 3283482.2598693334
642747.840164, 3283482.3658186668
642747.726276, 3283482.471768
642747.612388, 3283482.5777173336
642747.4985, 3283482.683666667
642747.3846120001, 3283482.7896160004
642747.2707240001, 3283482.8955653333
642747.156836, 3283483.0015146667
642747.042948, 3283483.107464
642746.92906, 3283483.2134133335
642746.815172, 3283483.319362667
642746.7012840001, 3283483.4253120003
642746.587396, 3283483.5312613333
642746.473508, 3283483.6372106667
642746.35962, 3283483.74316
642746.245732, 3283483.8491093335
642746.1318440001, 3283483.955058667
642746.017956, 3283484.0610080003
642745.904068, 3283484.1669573337
642745.79018, 3283484.2729066666
642745.676292, 3283484.378856
642745.5624040001, 3283484.4848053334
642745.4485160001, 3283484.590754667
642745.334628, 3283484.6967040002
642745.22074, 3283484.8026533336
642745.106852, 3283484.908602667
642744.992964, 3283485.014552
642744.8790760001, 3283485.1205013334
642744.765188, 3283485.226450667
